…Ó∂»	…˘ÀŸ
2	1541.44
4	1541.42
6	1541.37
8	1541.33
10	1541.33
12	1541.26
14	1541.24
16	1541.19
18	1541.17
20	1541.15
22	1541.15
24	1541.13
26	1541.13
28	1541.13
30	1541.11
32	1541.11
34	1541.11
36	1541.09
38	1541.05
40	1541.01
42	1540.96
44	1540.9
46	1540.76
48	1540.66
50	1540.25
52	1539.16
54	1538.24
56	1537.61
58	1537.46
60	1536.38
62	1536.18
64	1535.46
66	1534.6
68	1533.22
70	1532.89
72	1531.57
74	1531.15
76	1530.59
78	1530.15
80	1528.65
82	1527.11
84	1526.34
86	1525.62
88	1524.65
90	1523.77
92	1522.91
94	1522.1
96	1521.73
98	1521.37
100	1520.86
102	1520.36
104	1519.9
106	1519.3
108	1519.02
110	1518.64
112	1518.35
114	1518.32
116	1518.05
118	1517.61
120	1517.47
122	1517.33
124	1517
126	1516.68
128	1516.03
130	1515.8
132	1515.68
134	1515.51
136	1515.39
138	1515.16
140	1514.47
142	1513.96
144	1513.82
146	1513.79
148	1513.43
150	1513.05
152	1513.05
154	1512.99
156	1512.69
158	1512.58
160	1512.43
162	1512.18
164	1512.03
166	1511.93
168	1511.71
170	1511.5
172	1511.19
174	1511.04
176	1510.98
178	1510.83
180	1510.66
182	1510.44
184	1510.2
186	1509.9
188	1509.59
190	1509.21
192	1509.02
194	1508.99
196	1508.96
198	1508.72
200	1508.53
202	1508.06
204	1507.71
206	1507.01
208	1506.43
210	1506.31
212	1506.14
214	1505.95
216	1505.79
218	1505.63
220	1505.5
222	1505.46
224	1505.21
226	1504.88
228	1504.75
230	1504.62
232	1504.16
234	1503.77
236	1503.44
238	1503.05
240	1502.85
242	1502.55
244	1502.25
246	1502.02
248	1501.85
250	1501.75
252	1501.65
254	1501.58
256	1501.55
258	1501.45
260	1501.35
262	1501.15
264	1501.05
266	1500.75
268	1500.65
270	1500.61
272	1500.48
274	1500.41
276	1500.18
278	1500.11
280	1499.97
282	1499.64
284	1499.6
286	1499.57
288	1499.43
290	1499.26
292	1499.16
294	1499.13
296	1499.09
298	1499.02
300	1498.96
302	1498.86
304	1498.79
306	1498.75
308	1498.69
310	1498.62
312	1498.17
314	1497.93
316	1497.69
318	1497.42
320	1497.35
322	1497.21
324	1497
326	1496.62
328	1496.45
330	1496.38
332	1496.24
334	1496.1
336	1496
338	1495.65
340	1495.44
342	1495.3
344	1495.09
346	1495.02
348	1494.95
350	1494.81
352	1494.6
354	1494.53
356	1494.32
358	1494.29
360	1494.25
362	1494.22
364	1494.18
366	1494.08
368	1494.01
370	1493.97
372	1493.94
374	1493.87
376	1493.76
378	1493.73
380	1493.59
382	1493.48
384	1493.41
386	1493.37
388	1492.98
390	1492.77
392	1492.7
394	1492.38
396	1492.2
398	1492.1
400	1491.99
402	1491.88
404	1491.56
406	1491.31
408	1491.2
410	1491.06
412	1490.92
414	1490.66
416	1490.41
418	1490.23
420	1490.09
422	1490.05
424	1489.87
426	1489.69
428	1489.47
430	1489.32
432	1489.14
434	1489.03
436	1488.89
438	1488.71
440	1488.41
442	1488.12
444	1487.94
446	1487.83
448	1487.61
450	1487.43
452	1487.14
454	1486.81
456	1486.73
458	1486.58
460	1486.33
462	1486.25
464	1486.21
466	1486.14
468	1486.1
470	1486.07
472	1485.99
474	1485.84
476	1485.7
478	1485.55
480	1485.36
482	1485.33
484	1485.25
486	1485.1
488	1484.95
490	1484.77
492	1484.62
494	1484.58
496	1484.55
498	1484.51
500	1484.47
502	1484.4
504	1484.06
506	1483.91
508	1483.65
510	1483.46
512	1483.39
514	1483.39
516	1483.24
518	1483.16
520	1483.13
522	1483.05
524	1482.98
526	1482.94
528	1482.9
530	1482.83
532	1482.79
534	1482.75
536	1482.68
538	1482.57
540	1482.53
542	1482.49
544	1482.45
546	1482.38
548	1482.27
550	1482.04
552	1481.74
554	1481.62
556	1481.55
558	1481.24
560	1481.21
562	1481.21
564	1481.21
566	1481.21
568	1481.21
570	1481.17
572	1481.17
574	1480.94
576	1480.79
578	1480.76
580	1480.72
582	1480.64
584	1480.57
586	1480.49
588	1480.45
590	1480.3
592	1480.07
594	1479.84
596	1479.81
598	1479.69
600	1479.58
602	1479.42
604	1479.35
606	1479.27
608	1479.19
610	1479.04
612	1478.96
614	1478.85
616	1478.73
618	1478.69
620	1478.62
622	1478.54
624	1478.47
626	1478.39
628	1478.31
630	1478.27
632	1478.27
634	1478.23
636	1478.2
638	1478.08
640	1478.04
642	1478.04
644	1477.97
646	1477.89
648	1477.89
650	1477.89
652	1477.89
654	1477.85
656	1477.74
658	1477.66
660	1477.58
662	1477.51
664	1477.43
666	1477.28
668	1477.2
670	1477.16
672	1477.16
674	1477.08
676	1477.01
678	1476.97
680	1476.97
682	1476.97
684	1476.93
686	1476.89
688	1476.82
690	1476.74
692	1476.66
694	1476.58
696	1476.47
698	1476.35
700	1476.19
702	1476.15
704	1476.12
706	1476.08
708	1476.08
710	1476.04
712	1476
714	1475.88
716	1475.77
718	1475.65
720	1475.61
722	1475.53
724	1475.53
726	1475.53
728	1475.54
730	1475.46
732	1475.42
734	1475.38
736	1475.3
738	1475.3
740	1475.22
742	1475.19
744	1475.11
746	1475.07
748	1475.07
750	1475.07
752	1475.07
754	1475.07
756	1475.03
758	1474.99
760	1474.96
762	1474.92
764	1474.84
766	1474.8
768	1474.76
770	1474.65
772	1474.61
774	1474.57
776	1474.49
778	1474.29
780	1474.21
782	1474.1
784	1473.94
786	1473.82
788	1473.7
790	1473.5
792	1473.46
794	1473.38
796	1473.39
798	1473.35
800	1473.31
802	1473.31
804	1473.23
806	1473.19
808	1473.19
810	1473.19
812	1473.07
814	1472.95
816	1472.87
818	1472.76
820	1472.68
822	1472.64
824	1472.6
826	1472.6
828	1472.56
830	1472.48
832	1472.44
834	1472.4
836	1472.36
838	1472.36
840	1472.32
842	1472.28
844	1472.21
846	1472.09
848	1472.05
850	1472.01
852	1471.85
854	1471.85
856	1471.85
858	1471.81
860	1471.81
862	1471.81
864	1471.81
866	1471.81
868	1471.77
870	1471.77
872	1471.73
874	1471.73
876	1471.73
878	1471.74
880	1471.74
882	1471.74
884	1471.74
886	1471.54
888	1471.46
890	1471.34
892	1471.26
894	1471.18
896	1471.18
898	1471.18
900	1471.18
902	1471.14
904	1471.14
906	1471.06
908	1471.02
910	1471.02
912	1470.98
914	1470.98
916	1470.86
918	1470.66
920	1470.54
922	1470.5
924	1470.46
926	1470.34
928	1470.18
930	1470.14
932	1470.1
934	1470.06
936	1470.02
938	1469.98
940	1469.98
942	1469.86
944	1469.82
946	1469.82
948	1469.74
950	1469.54
952	1469.5
954	1469.5
956	1469.46
958	1469.42
960	1469.38
962	1469.3
964	1469.26
966	1469.26
968	1469.18
970	1469.14
972	1469.1
974	1469.06
976	1469.06
978	1469.06
980	1469.02
982	1468.98
984	1468.94
986	1468.94
988	1468.9
990	1468.9
992	1468.9
994	1468.78
996	1468.74
998	1468.7
1000	1468.62
1002	1468.54
1004	1468.46
1006	1468.42
1008	1468.42
1010	1468.42
1012	1468.42
1014	1468.42
1016	1468.42
1018	1468.38
1020	1468.34
1022	1468.3
1024	1468.22
1026	1468.22
1028	1468.1
1030	1468.02
1032	1467.98
1034	1467.94
1036	1467.85
1038	1467.86
1040	1467.86
1042	1467.86
1044	1467.86
1046	1467.86
1048	1467.82
1050	1467.82
1052	1467.74
1054	1467.62
1056	1467.49
1058	1467.49
1060	1467.45
1062	1467.45
1064	1467.37
1066	1467.37
1068	1467.37
1070	1467.25
1072	1467.13
1074	1467.13
1076	1467.09
1078	1467.05
1080	1467.05
1082	1467.01
1084	1466.97
1086	1466.93
1088	1466.93
1090	1466.84
1092	1466.76
1094	1466.72
1096	1466.6
1098	1466.56
1100	1466.52
1102	1466.48
1104	1466.44
1106	1466.4
1108	1466.36
1110	1466.31
1112	1466.23
1114	1466.23
1116	1466.19
1118	1466.19
1120	1466.07
1122	1465.99
1124	1465.99
1126	1465.99
1128	1465.95
1130	1465.95
1132	1465.91
1134	1465.83
1136	1465.83
1138	1465.83
1140	1465.79
1142	1465.74
1144	1465.75
1146	1465.66
1148	1465.58
1150	1465.54
1152	1465.54
1154	1465.5
1156	1465.46
1158	1465.46
1160	1465.42
1162	1465.42
1164	1465.38
1166	1465.34
1168	1465.26
1170	1465.17
1172	1465.09
1174	1465.09
1176	1465.09
1178	1465.09
1180	1465.09
1182	1465.09
1184	1465.05
1186	1465.05
1188	1465.05
1190	1464.97
1192	1464.93
1194	1464.81
1196	1464.77
1198	1464.77
1200	1464.68
1202	1464.64
1204	1464.6
1206	1464.56
1208	1464.52
1210	1464.52
1212	1464.48
1214	1464.48
1216	1464.48
1218	1464.48
1220	1464.44
1222	1464.44
1224	1464.4
1226	1464.36
1228	1464.36
1230	1464.32
1232	1464.32
1234	1464.32
1236	1464.28
1238	1464.24
1240	1464.2
1242	1464.2
1244	1464.15
1246	1464.16
1248	1464.16
1250	1464.16
1252	1464.12
1254	1464.08
1256	1464.08
1258	1464.03
1260	1464.04
1262	1463.99
1264	1464
1266	1463.95
1268	1463.91
1270	1463.91
1272	1463.87
1274	1463.87
1276	1463.87
1278	1463.87
1280	1463.88
1282	1463.88
1284	1463.84
1286	1463.84
1288	1463.79
1290	1463.8
1292	1463.8
1294	1463.76
1296	1463.76
1298	1463.76
1300	1463.72
1302	1463.72
1304	1463.68
1306	1463.63
1308	1463.63
1310	1463.64
1312	1463.59
1314	1463.55
1316	1463.55
1318	1463.55
1320	1463.51
1322	1463.51
1324	1463.47
1326	1463.43
1328	1463.39
1330	1463.39
1332	1463.39
1334	1463.39
1336	1463.35
1338	1463.31
1340	1463.27
1342	1463.27
1344	1463.27
1346	1463.27
1348	1463.27
1350	1463.23
1352	1463.23
1354	1463.23
1356	1463.23
1358	1463.15
1360	1463.11
1362	1463.11
1364	1463.07
1366	1463.07
1368	1463.07
1370	1463.07
1372	1463.07
1374	1463.03
1376	1463.03
1378	1463.03
1380	1463.03
1382	1463.03
1384	1463.03
1386	1463.03
1388	1463.03
1390	1463.03
1392	1463.04
1394	1462.99
1396	1463
1398	1463
1400	1463
1402	1463
1404	1463
1406	1463
1408	1463
1410	1462.96
1412	1462.96
1414	1462.96
1416	1462.96
1418	1462.92
1420	1462.92
1422	1462.92
1424	1462.92
1426	1462.92
1428	1462.92
1430	1462.93
1432	1462.93
1434	1462.88
1436	1462.89
1438	1462.84
1440	1462.84
1442	1462.85
1444	1462.85
1446	1462.85
1448	1462.85
1450	1462.85
1452	1462.85
1454	1462.81
1456	1462.81
1458	1462.81
1460	1462.81
1462	1462.81
1464	1462.77
1466	1462.77
1468	1462.77
1470	1462.69
1472	1462.69
1474	1462.69
1476	1462.69
1478	1462.65
1480	1462.65
1482	1462.61
1484	1462.61
1486	1462.61
1488	1462.57
1490	1462.57
1492	1462.57
1494	1462.57
1496	1462.57
1498	1462.57
1500	1462.53
1502	1462.53
1504	1462.49
1506	1462.49
1508	1462.49
1510	1462.49
1512	1462.45
1514	1462.45
1516	1462.45
1518	1462.45
1520	1462.45
1522	1462.45
1524	1462.46
1526	1462.41
1528	1462.41
1530	1462.42
1532	1462.42
1534	1462.37
1536	1462.38

